
Time: 5.132999897003174 seconds | Opponent
Time: 5.9670000076293945 seconds | Opponent
Time: 4.984000205993652 seconds | Player